call.farTalkPercentage  call.overTalkPercentage  call.noTalkPercentage  call.mutedDuration  \
count                3623.000                 3623.000               3623.000            3623.000   
mean                   41.851                    1.940                 48.104           62842.391   
std                    14.130                    4.281                 17.684           42103.983   
min                     2.000                    0.000                  8.000               0.000   
25%                    43.000                    0.000                 52.000            9414.000   
50%                    48.000                    0.000                 52.000           92796.000   
75%                    48.000                    0.000                 52.000           92796.000   
max                    56.000                   22.000                 82.000           92796.000   

       call.muteOnEvents  call.volumeUpPress  call.volumeDownPress   farTalk  nearTalk  overTalk  \
count           3623.000            3623.000              3623.000  3623.000  3623.000  3623.000   
mean               1.094               3.316                 1.990   349.488    66.449    16.946   
std                0.462               2.363                 1.418   346.982   205.622    89.918   
min                0.000               0.000                 0.000     0.000     0.000     0.000   
25%                1.000               0.000                 0.000     0.000     0.000     0.000   
50%                1.000               5.000                 3.000   278.000     0.000     0.000   
75%                1.000               5.000                 3.000   647.000     0.000     0.000   
max                2.000               5.000                 3.000  1000.000  1000.000  1000.000   

       txLevelIn  txLevelOut  rxLevelIn  rxLevelOut  txNoiseOut  txNoiseIn  rxVolume  txVolume  \
count   3623.000    3623.000   3623.000    3623.000    3623.000   3623.000  3623.000  3623.000   
mean     -56.532     -77.350    -25.538     -33.306     -86.481    -70.619     4.833     1.020   
std       10.475      23.841     21.323      18.530      11.881      4.362     2.303     2.914   
min      -66.926     -92.336    -77.152     -92.336     -93.320    -80.371     0.000    -0.492   
25%      -62.355     -92.336    -35.654     -44.891     -93.320    -73.270     2.000    -0.492   
50%      -60.004     -92.336    -16.578     -25.379     -93.320    -71.520     6.000    -0.492   
75%      -56.420     -62.461    -11.096     -19.992     -80.090    -69.262     6.000     2.000   
max      -12.355      -0.758      4.016      -6.234     -36.738    -44.109    11.996     8.000   

       rxNoiseOut  rxNoiseIn  
count    3623.000   3623.000  
mean      -61.716    -52.937  
std        13.641     12.584  
min       -93.320    -88.047  
25%       -70.426    -60.430  
50%       -60.043    -51.449  
75%       -51.416    -43.543  
max       -16.824     -6.418